[2024-02-20 15:37:51]; [70.80549811409071, 29.428745837526215]; [-2.3774694045224365e-06, -0.21519247924451845]; [3.719605442350029, -1.0195663129900643]; [19.946811121078532, 4.896220172712078]; [0.787258254046718, 3.5290860994866726]; [0.01767786502119887, -0.8138720636490191]; [21.031249914078238, 11.122981733113656]; [-64.7250214724843, 31.872512181012958]; [-20.873946212603787, -5.798069981007561]; [20.152660498198816, 4.949507019764718]; 
[2024-02-20 15:38:00]; [70.86907921967718, 29.455163854838545]; [-1.6803604593070176e-05, -1.5076999463183265]; [4.151155551778944, 2.901671666063661]; [19.945744318784435, 4.89596314049572]; [0.7872156644478017, 3.5288979889381746]; [0.017677059636427753, -0.813828648054276]; [25.414170036743567, 12.656539406794618]; [-64.72157413105793, 31.870801467710052]; [-20.89271595122014, -8.12467702451206]; [20.15158471019788, 4.949246297064811]; 
[2024-02-20 15:38:10]; [70.91414565077842, 29.473895855831035]; [-1.6793671558467337e-05, -1.5086587179553304]; [4.612536228515137, 2.9003947817421105]; [19.94624581318691, 4.896093053758345]; [0.787234690625999, 3.52898721169728]; [0.017677698290930195, -0.813849177342167]; [29.810786924364137, 12.642823427300971]; [-64.72321435303459, 31.8715903719094]; [-20.90602772514058, -10.452722969238216]; [20.15209193158434, 4.949375863518712]; 
[2024-02-20 15:38:19]; [70.9133947040588, 29.473596914689146]; [-1.6554522897882506e-05, -1.5086428413106558]; [4.612486787729718, 2.900365005339737]; [19.946033912413384, 4.896044954821107]; [0.7872258681045041, 3.528950034922124]; [0.017677627721597176, -0.8138405751848672]; [32.735765398051186, 12.633360299579419]; [-64.72253483355246, 31.871244415317292]; [-20.905806061000934, -10.452616279606843]; [20.151878260196234, 4.949326399114583]; 
[2024-02-20 15:38:28]; [70.92142272924403, 29.476940402318263]; [-2.1127843934969803e-05, -1.9399033085726245]; [6.91268882492955, 2.893645236775777]; [19.946007371342425, 4.896041700177048]; [0.7872244464017418, 3.528945596808244]; [0.017677699819195897, -0.8138395284461624]; [32.73576180889931, 12.633364973703596]; [-64.72245532150599, 31.87119602283603]; [-20.90817263913156, -10.453801677670883]; [20.151851794879704, 4.949322353935392]; 
[2024-02-20 15:41:04]; [70.83026754417257, 29.439101258609174]; [2.15266268899798, -1.5068969808160668]; [7.8797332039645225, -0.03321007082873155]; [13.576422935408718, 1.9887677582814045]; [0.7880318272467689, 3.5325675037552484]; [0.017695970189589343, -0.8146747788206928]; [32.94434335660891, 3.3229601213274265]; [-64.7911838431774, 31.90502284673433]; [-20.88125050890936, -5.800115261615102]; [19.240366877099042, 3.969905503483412]; 
[2024-02-20 15:41:15]; [70.90268907735467, 29.469192946555296]; [2.1548634590764126, -1.508437893095205]; [7.386700979934843, 1.9212138327852555]; [19.05203703535568, 3.9284285954184264]; [0.7872429206015186, 3.529028533145413]; [0.01767812115197088, -0.8138586537097103]; [32.736489041732796, 12.633646573422856]; [-64.7239765246243, 31.871944503420643]; [-20.90264899432877, -10.451052115296125]; [20.152325321963858, 4.949438813196239]; 
[2024-02-20 15:41:24]; [70.91398602734381, 29.47385479611995]; [-1.6334962168828684e-05, -1.5086555126988772]; [7.371561719934976, 2.8923343627551286]; [19.96652011139615, 3.926537257546965]; [0.787231064112927, 3.528975753058506]; [0.017677874795728417, -0.8138464771663612]; [32.73603657172798, 12.633472420061334]; [-64.72300888523083, 31.87146623496312]; [-20.90598013076062, -10.452707117630736]; [20.15202371145194, 4.94936520888178]; 
[2024-02-20 15:41:34]; [70.91398602734381, 29.47385479611995]; [-1.6334962168828684e-05, -1.5086555126988772]; [7.371561719934976, 2.8923343627551286]; [19.96652011139615, 3.926537257546965]; [0.787231064112927, 3.528975753058506]; [0.017677874795728417, -0.8138464771663612]; [32.73603657172798, 12.633472420061334]; [-64.72300888523083, 31.87146623496312]; [-20.90598013076062, -10.452707117630736]; [20.15202371145194, 4.94936520888178]; 
[2024-02-20 15:41:43]; [70.91398602734381, 29.47385479611995]; [-1.6334962168828684e-05, -1.5086555126988772]; [7.371561719934976, 2.8923343627551286]; [19.96652011139615, 3.926537257546965]; [0.787231064112927, 3.528975753058506]; [0.017677874795728417, -0.8138464771663612]; [32.73603657172798, 12.633472420061334]; [-64.72300888523083, 31.87146623496312]; [-20.90598013076062, -10.452707117630736]; [20.15202371145194, 4.94936520888178]; 
[2024-02-20 15:41:52]; [70.91271287430287, 29.473326434203805]; [-1.63202210947766e-05, -1.5086284330829114]; [7.371427364193401, 2.892281548778482]; [19.945811744251497, 4.895994288392323]; [0.787216648267836, 3.528911044768992]; [0.017677546492279452, -0.8138315552162234]; [32.73544871003401, 12.633245278187239]; [-64.72182201798815, 31.870882228950293]; [-20.905604778712934, -10.452519696945942]; [20.151654252540563, 4.94927435195561]; 
[2024-02-20 15:42:55]; [76.14941804867725, 31.64996302240256]; [-1.9873687632809835e-05, -2.082905068930178]; [2.4716854501994376, 3.121683392827167]; [19.47302813268339, 4.220564503520457]; [0.845600538576748, 3.7909364020236094]; [0.01900492543152708, -0.8742560221445912]; [19.39857415129023, 13.616052698806905]; [-69.5285948419583, 34.236390002218414]; [-22.449422704193683, -11.22444360664568]; [21.648007715568326, 4.260494107139961]; 
[2024-02-20 15:43:02]; [70.87527760284217, 29.457734273932346]; [2.1540284749693788, -1.507855927301947]; [7.831847416868586, 2.8916865868293735]; [15.403835894121917, 2.962751082358961]; [0.7874241029812288, 3.5298279048744883]; [0.01768150013199416, -0.8140431581282612]; [18.20041073535563, 1.7676317747546209]; [-64.73862491950968, 31.87921856746759]; [-20.89454324028963, -8.125385934503461]; [20.156897456126956, 4.950545587521068]; 
[2024-02-20 15:43:11]; [70.90554616285827, 29.470365414390606]; [2.1549498569459167, -1.508498952886944]; [7.8304098872560335, 2.891163478491789]; [15.401010721567047, 2.962220175105858]; [0.7872777920119998, 3.5291824720920193]; [0.017678776176932243, -0.8138941835734206]; [32.771244195215466, 11.090177941825988]; [-64.72679751723003, 31.873344952441414]; [-20.90349160323748, -10.451468689462633]; [20.15320575242875, 4.949652042631268]; 
[2024-02-20 15:53:34]; [70.90980607797252, 29.472003329165588]; [2.1550860061959622, -0.6465544610226425]; [7.865774770748901, 0.8800031829210659]; [11.755771268521844, 0.0293808980363323]; [0.7883802678102346, 3.534099692335217]; [0.017702193124875407, -0.8150284886043955]; [7.769055120416182, 6.483692627306471]; [-64.82084951546518, 31.919773652422073]; [-20.90475027096619, -10.452056331918495]; [18.315906987649498, 3.9717090703254367]; 
[2024-02-20 15:56:12]; [77.70256419025853, 32.295885215430424]; [14.169277673401698, -0.23622943988061534]; [3.5456402304875048, 3.191138474656543]; [20.908724338754926, 5.382182977482077]; [0.8650053748759443, 3.878025797027549]; [0.01944615533740845, -0.89433929854097]; [31.173013235877704, 12.197976718268333]; [-71.12696575154317, 35.02297839664884]; [-22.90726679193637, -6.362999420975932]; [21.1215036266628, 5.439505144493521]; 
[2024-02-20 16:22:03]; [76.94812498398309, 31.98208167966085]; [2.338609458527377, -0.7016028571774687]; [5.544559014892442, -0.03551568478538399]; [15.712494803531936, 4.277758396006168]; [0.8554199955124331, 3.8350162801311973]; [0.019228734096317444, -0.884420956973688]; [34.00416735218237, 12.051178371897123]; [-70.33711783969545, 34.63423153026047]; [-22.684864506966303, -8.821686651001894]; [21.89969604954538, 4.310101480445942]; 
[2024-02-20 16:22:28]; [72.62790330152664, 30.186226298239085]; [0.9029795065903119, -1.1036654968837887]; [7.088379615950392, 2.4671470100068165]; [19.51590516649057, 4.024281282851067]; [0.8073673938646021, 3.6193092737454604]; [0.018133649668115096, -0.8346783280639576]; [21.564907916089197, 9.804670634421242]; [-66.38637719353173, 32.69022557941662]; [-21.41125551826352, -10.705343971941561]; [16.846541045415805, 5.076681974595614]; 
[2024-02-20 16:22:37]; [72.63106070330014, 30.18756864766134]; [0.9030147586333892, -1.5451949461479235]; [7.5660415820190945, 1.9679494733310232]; [14.816951397470376, 4.03346078176947]; [0.8065761740029813, 3.615783491717018]; [0.018117015322551427, -0.8338649619119093]; [32.033436919349356, 12.94541865726753]; [-66.3168358549128, 32.655881746618434]; [-21.412185707098505, -10.705818494353448]; [19.69336550137392, 5.07135030655177]; 
[2024-02-20 16:22:46]; [70.87229478582252, 29.456690416432277]; [10.769770850323008, -1.507865189978011]; [7.896365653149241, -1.0162852186766096]; [20.11547120770508, -2.9172237636365805]; [0.7883214781530706, 3.533861258262266]; [0.017702222588526148, -0.814973199800858]; [29.91050777398644, 8.000518178731038]; [-64.81650055508128, 31.917512499380578]; [-20.893685766053878, -10.446611533081928]; [18.314658846612662, 3.971466893369872]; 
[2024-02-20 16:22:56]; [70.88304635603801, 29.46103469435252]; [4.308553374363589, -1.0771857460385104]; [7.838163336370701, 2.406203339682435]; [13.532444256598936, 4.912166771913521]; [0.7881231340722921, 3.5329650214991286]; [0.017697386715198007, -0.8147665956698504]; [29.811414030400787, 12.64308435375283]; [-64.80005524383216, 31.909448695320222]; [-20.896858047961132, -10.448158548448562]; [18.310017571188865, 3.9704522727934064]; 
[2024-02-20 16:24:54]; [75.9550175665783, 31.569480013492978]; [13.850611707276563, 1.154133987364265]; [5.446776568659824, 3.1126752152778403]; [16.533586635892995, 3.1806807937318604]; [0.8455077186615826, 3.7905274899181443]; [0.019003226885604706, -0.8741616330742039]; [32.07000813476228, 10.253521312294403]; [-69.52110180167952, 34.232667002788006]; [-22.39209035968053, -8.707880516685641]; [21.64566896365048, 4.260042509399388]; 
[2024-02-20 16:25:03]; [73.51467814407808, 30.55484903534446]; [-2.006580350526832e-05, -2.0108370073790347]; [8.116239225522621, 2.9968476174133727]; [17.885800491662636, 2.0572441944187014]; [0.816376205493681, 3.6597853293799654]; [0.018340873940334984, -0.8440117896152366]; [30.900503715011055, 13.105526473718104]; [-67.12302904809992, 33.052528797953684]; [-21.672682310897102, -10.836070821743418]; [20.899138606506327, 4.112939891399421]; 
[2024-02-20 16:25:17]; [71.62186567577704, 29.76812677100689]; [0.8904721517445024, -1.0883773844009164]; [0.894267500465417, 2.94639211704687]; [17.426832562788785, 3.9794310109050404]; [0.7969303180007061, 3.572487961342559]; [0.017897434663714455, -0.8238808406201317]; [30.199839351303254, 11.231364732480044]; [-65.52269338989544, 32.265092855911966]; [-21.114595786543543, -3.518879109525035]; [19.457585343516328, 5.010565815312349]; 
